-3.00	20.00
-4.00	21.00
-5.00	21.00
-6.00	23.00
-1.00	15.00
-3.00	19.00
-3.00	19.00
-4.00	18.00
-3.00	21.00
-1.00	22.00
-3.00	20.00
-5.00	23.00
-5.00	19.00
-6.00	19.00
-5.00	16.00
-2.00	20.00
-4.00	23.00
-5.00	19.00
-4.00	19.00
-4.00	21.00
-5.00	19.00
-4.00	21.00
-4.00	20.00
-5.00	21.00
-4.00	17.00
-4.00	20.00
-5.00	19.00
-5.00	24.00
-5.00	22.00
-7.00	20.00
-6.00	21.00
-4.00	22.00
-2.00	17.00
-5.00	22.00
-2.00	19.00
-2.00	22.00
-2.00	17.00
-8.00	21.00
-5.00	19.00
-5.00	19.00
-3.00	20.00
-6.00	20.00
-6.00	20.00
-6.00	19.00
-4.00	23.00
-5.00	21.00
-2.00	18.00
-3.00	20.00
-5.00	21.00
-5.00	18.00
-5.00	20.00
-6.00	19.00
-4.00	20.00
-3.00	15.00
-3.00	22.00
-3.00	19.00
-2.00	19.00
-2.00	17.00
-2.00	19.00
0.00	17.00
0.00	18.00
0.00	16.00
1.00	19.00
1.00	15.00
0.00	16.00
1.00	16.00
3.00	12.00
3.00	12.00
4.00	16.00
3.00	13.00
5.00	10.00
3.00	8.00
4.00	9.00
6.00	10.00
5.00	9.00
6.00	7.00
6.00	9.00
6.00	9.00
6.00	6.00
6.00	7.00
6.00	7.00
5.00	10.00
5.00	11.00
6.00	6.00
4.00	9.00
6.00	8.00
5.00	5.00
6.00	5.00
6.00	2.00
6.00	4.00
6.00	3.00
6.00	2.00
8.00	2.00
9.00	0.00
5.00	-3.00
5.00	2.00
7.00	1.00
6.00	0.00
7.00	0.00
7.00	-4.00
7.00	-1.00
7.00	-2.00
8.00	-5.00
10.00	-5.00
6.00	-5.00
6.00	-4.00
8.00	-5.00
8.00	-6.00
8.00	-3.00
6.00	-6.00
6.00	-8.00
9.00	-6.00
10.00	-5.00
8.00	-7.00
7.00	-8.00
6.00	-9.00
6.00	-6.00
8.00	-9.00
5.00	-9.00
6.00	-10.00
4.00	-8.00
7.00	-8.00
8.00	-9.00
5.00	-7.00
6.00	-10.00
8.00	-11.00
8.00	-9.00
9.00	-13.00
6.00	-13.00
7.00	-13.00
5.00	-13.00
8.00	-13.00
2.00	-14.00
6.00	-16.00
5.00	-13.00
6.00	-14.00
4.00	-14.00
4.00	-12.00
4.00	-16.00
5.00	-15.00
6.00	-13.00
4.00	-16.00
2.00	-16.00
2.00	-16.00
3.00	-18.00
2.00	-20.00
4.00	-16.00
5.00	-13.00
2.00	-13.00
4.00	-18.00
3.00	-12.00
4.00	-16.00
4.00	-17.00
3.00	-17.00
2.00	-19.00
2.00	-20.00
2.00	-20.00
2.00	-22.00
0.00	-22.00
0.00	-20.00
0.00	-20.00
1.00	-20.00
-2.00	-22.00
0.00	-24.00
-1.00	-22.00
-4.00	-24.00
-4.00	-27.00
-6.00	-24.00
-3.00	-27.00
-3.00	-27.00
-6.00	-27.00
-7.00	-26.00
-8.00	-27.00
-6.00	-28.00
-9.00	-24.00
-7.00	-27.00
-7.00	-28.00
-6.00	-28.00
-9.00	-31.00
-9.00	-28.00
-10.00	-30.00
-11.00	-31.00
-11.00	-32.00
-11.00	-30.00
-13.00	-27.00
-14.00	-31.00
-11.00	-27.00
-18.00	-27.00
-15.00	-31.00
-15.00	-30.00
-17.00	-30.00
-13.00	-29.00
-13.00	-28.00
-15.00	-27.00
-13.00	-31.00
-15.00	-32.00
-17.00	-33.00
-16.00	-30.00
-16.00	-30.00
-16.00	-29.00
-17.00	-28.00
-18.00	-28.00
-20.00	-29.00
-18.00	-28.00
-22.00	-30.00
-20.00	-28.00
-24.00	-33.00
-19.00	-30.00
-20.00	-28.00
-19.00	-28.00
-19.00	-30.00
-22.00	-30.00
-23.00	-29.00
-24.00	-29.00
-20.00	-28.00
-26.00	-28.00
-24.00	-27.00
-24.00	-27.00
-27.00	-28.00
-28.00	-28.00
-27.00	-27.00
-31.00	-26.00
-30.00	-28.00
-28.00	-27.00
-31.00	-25.00
-31.00	-25.00
-31.00	-30.00
-31.00	-26.00
-31.00	-24.00
-36.00	-27.00
-35.00	-26.00
-36.00	-26.00
-36.00	-27.00
-34.00	-29.00
-32.00	-25.00
-31.00	-24.00
-30.00	-28.00
-35.00	-28.00
-33.00	-25.00
-34.00	-26.00
-37.00	-24.00
-37.00	-22.00
-39.00	-19.00
-40.00	-23.00
-40.00	-21.00
-41.00	-19.00
-41.00	-19.00
-40.00	-16.00
-44.00	-13.00
-40.00	-13.00
-42.00	-15.00
-41.00	-12.00
-41.00	-14.00
-44.00	-15.00
-44.00	-15.00
-42.00	-12.00
-43.00	-12.00
-44.00	-8.00
-44.00	-8.00
-44.00	-8.00
-46.00	-7.00
-44.00	-6.00
-43.00	-3.00
-45.00	-4.00
-42.00	-1.00
-42.00	-5.00
-45.00	0.00
-44.00	0.00
-45.00	4.00
-47.00	0.00
-46.00	4.00
-45.00	0.00
-45.00	1.00
-46.00	4.00
-44.00	6.00
-45.00	6.00
-44.00	7.00
-43.00	7.00
-42.00	8.00
-41.00	10.00
-42.00	10.00
-42.00	8.00
-42.00	10.00
-42.00	10.00
-43.00	9.00
-42.00	11.00
-41.00	12.00
-44.00	8.00
-45.00	9.00
-44.00	13.00
-41.00	10.00
-46.00	7.00
-44.00	11.00
-43.00	9.00
-45.00	9.00
-44.00	9.00
-41.00	10.00
-40.00	8.00
-39.00	13.00
-38.00	12.00
-39.00	12.00
-37.00	12.00
-37.00	9.00
-40.00	10.00
-37.00	8.00
-37.00	11.00
-38.00	11.00
-37.00	10.00
-40.00	12.00
-38.00	16.00
-40.00	11.00
-36.00	12.00
-38.00	9.00
-37.00	13.00
-37.00	11.00
-37.00	13.00
-38.00	14.00
-36.00	12.00
-38.00	9.00
-36.00	12.00
-39.00	13.00
-36.00	16.00
-36.00	11.00
-38.00	13.00
-37.00	13.00
-37.00	10.00
-37.00	14.00
-34.00	14.00
-41.00	12.00
-38.00	13.00
-37.00	13.00
-37.00	14.00
-38.00	14.00
-38.00	16.00
-35.00	13.00
-37.00	12.00
-34.00	15.00
-37.00	17.00
-38.00	18.00
-37.00	15.00
-35.00	17.00
-35.00	12.00
-33.00	17.00
-33.00	15.00
-34.00	15.00
-33.00	13.00
-35.00	15.00
-37.00	16.00
-34.00	18.00
-33.00	18.00
-35.00	17.00
-33.00	16.00
-31.00	17.00
-31.00	18.00
-34.00	20.00
-31.00	14.00
-31.00	18.00
-28.00	17.00
-31.00	16.00
-31.00	18.00
-29.00	17.00
-30.00	20.00
-28.00	23.00
-28.00	19.00
-26.00	20.00
-28.00	21.00
-28.00	17.00
-28.00	19.00
-31.00	19.00
-28.00	20.00
-25.00	18.00
-26.00	18.00
-26.00	22.00
-26.00	18.00
-26.00	22.00
-24.00	21.00
-27.00	22.00
-27.00	17.00
-26.00	21.00
-27.00	19.00
-25.00	22.00
-27.00	24.00
-27.00	23.00
-26.00	21.00
-27.00	22.00
-24.00	19.00
-23.00	23.00
-25.00	19.00
-24.00	22.00
-25.00	22.00
-23.00	20.00
-25.00	21.00
-25.00	20.00
-26.00	21.00
-22.00	21.00
-26.00	21.00
-23.00	20.00
-23.00	24.00
-22.00	22.00
-23.00	22.00
-22.00	21.00
-22.00	25.00
-21.00	23.00
-22.00	22.00
-20.00	23.00
-20.00	21.00
-17.00	23.00
-20.00	20.00
-19.00	21.00
-16.00	18.00
-18.00	22.00
-19.00	24.00
-17.00	25.00
-19.00	27.00
-20.00	23.00
-16.00	23.00
-17.00	23.00
-16.00	24.00
-16.00	25.00
-17.00	20.00
-14.00	21.00
-15.00	24.00
-15.00	22.00
-18.00	22.00
-16.00	23.00
-11.00	24.00
-13.00	20.00
-15.00	23.00
-11.00	24.00
-11.00	21.00
-11.00	22.00
-13.00	21.00
-9.00	23.00
-10.00	23.00
-10.00	20.00
-6.00	23.00
-6.00	21.00
-8.00	17.00
-8.00	20.00
-6.00	18.00
-6.00	21.00
-4.00	21.00
-5.00	21.00
-4.00	21.00
-4.00	19.00
-2.00	19.00
-6.00	19.00
-6.00	21.00
-2.00	19.00
-4.00	16.00
-2.00	22.00
-2.00	19.00
-2.00	19.00
-1.00	17.00
-2.00	18.00
0.00	19.00
0.00	16.00
-1.00	16.00
0.00	17.00
0.00	15.00
0.00	16.00
4.00	13.00
1.00	13.00
3.00	15.00
4.00	12.00
5.00	13.00
7.00	12.00
8.00	9.00
8.00	11.00
5.00	8.00
7.00	10.00
5.00	9.00
6.00	8.00
5.00	10.00
6.00	9.00
6.00	8.00
6.00	7.00
5.00	5.00
8.00	9.00
9.00	7.00
8.00	5.00
6.00	3.00
9.00	1.00
9.00	3.00
8.00	4.00
